53931475
75192259
76085449
75633103
75746522
76089195
76017811
76012262
75547364
75399431
75054899
70836725
73551902
74733223
75996348
75918638
75976924
75961342
75909673
75578419
75806580
75558834
76276522
76240861
76144421
76119085
76110377
76109510
76109415
76109342
76109309
76105890
76104193
76104008
76101379
76101376
76101375
76101374
76101366
76101358
76101336
76101334
76100182
76091721
76089577
76089095
76087304
76087161
76083451
76083387
76081968
76060064
76056912
76054934
76052949
76052372
76049369
76049196
76047008
76046501
76046080
76044812
76042974
76015991
76013914
76013143
76013002
76012559
76012362
76009716
76009701
76009698
76009502
76005527
76002430
76002426
76002412
76000906
76000903
76000899
75998185
75997336
75994291
75993094
75993022
75992898
75992833
75992826
75992483
75992124
75991839
75991490
75990336
75990276
75990239
75990064
75987849
75987778
75987703
75985882
75983226
75980103
75978343
75977310
75973671
75970928
75960381
75953540
75953420
75953175
75952779
75949148
75948118
75944860
75944805
75942567
75942411
75936706
75935474
75935001
75930592
75930224
75923363
75921642
75920323
75916686
75916010
75915344
75910744
75910743
75910740
75908607
75902253
75898201
75895393
75895130
75885563
75884381
75884375
75884373
75884372
75884290
75882185
75880801
75877610
75877606
75877591
75877376
75877375
75876049
75875422
75874625
75874621
75874615
75874614
75874579
75865907
75860249
75849790
75845728
75842057
75833149
75823666
75823359
75816505
75816503
75816498
75816492
75816491
75809883
75809121
75808598
75807896
75807888
75806920
75806604
75804887
75804544
75803962
75803762
75803627
75803352
75803123
75802357
75802312
75801774
75793560
75789293
75788978
75779901
75777317
75762822
75732849
75732843
75732833
75732829
75720325
