76111956
76105387
75281725
72134979
75819920
71686580
67949684
75341450
74956552
75388763
75385901
75389019
75387742
75387881
76111971
76111939
74962822
76089630
76089663
76093481
76089282
66707189
75017500
75017390
75015428
75016988
75041349
76105480
76105405
76105414
76105206
76105146
76105085
76105023
76104993
76101857
76101024
75387574
76100977
76100919
75388301
75388550
75384712
76100550
76100496
76100379
76100343
76100297
73988258
75625506
75625137
75617304
75625035
75615733
75625267
75617534
75617120
75616272
75616677
76097848
76097845
74587215
72121714
72131589
72132011
75832067
76066133
76083918
75626772
64468544
70324830
76008327
76019580
75307845
76049275
75351673
73332593
69300987
72469981
72469979
69301780
73193172
72469970
71060533
72120924
73193323
64464522
47711695
72424488
73193277
72424876
71900665
72424644
74574237
72425027
69612025
72926219
75809035
75805304
75805628
75807337
75423278
76020035
76019797
76019036
76019259
76019706
76020142
76020058
76018772
76020097
76019512
76020117
76019218
76019960
76019616
76019587
76019419
76019826
76019611
74814887
75196975
75808660
75809079
75809004
75808705
75807316
75807122
75807095
75805913
75806090
75806451
75805615
75806692
75805929
75806764
75865067
70324775
70295925
69816772
74682520
73995519
74491749
71976707
71976745
67941297
71905063
74746309
75294886
71544492
66019441
75740270
71976390
75506314
74956710
74956488
74954475
71365348
75741715
75741573
75740665
75740853
75741832
72706692
75495692
75741403
75741071
75732256
75741238
72134445
72099721
75880392
74885749
75869219
76100021
75017988
7373721
75931598
75916670
75783467
75519512
75840399
76065500
76083912
65997436
75243544
76007354
72040957
75491928
76019814
76019887
75806584
72135074
75253544
73736312
73942582
73942639
73511792
73283566
69934141
