76108356
76105878
76105485
76105205
76104170
76101835
76101015
76100758
76099785
76099539
76099311
76092599
76092588
76089513
76086167
76083892
76083160
76078790
76078446
76073799
76070866
76069369
76068878
76060612
76060562
76060222
76060120
76057558
76057449
76057255
76054277
76054272
76049217
76047752
76044886
76025013
76024866
76024685
76024351
76024059
76023484
76023177
76023005
76022536
76022202
76021642
76021414
76021066
76020834
76020573
76020428
76020194
76020061
76017464
76010793
76010102
76010084
76009714
76009707
76002427
76000595
75997666
75997648
75996468
75994407
75993398
75993274
75986975
75980970
75978785
75978188
75977120
75973494
75957737
75956985
75950604
75947686
75943526
75943452
75937628
75926217
75924849
75921566
75921244
75919475
75919337
75918765
75913278
75912905
75910755
75910754
75910070
75908902
75907037
75905523
75905451
75897815
75897132
75896219
75896001
75895073
75894838
75894723
75894708
75893273
75892354
75877378
75876428
75875240
75874938
75874637
75874626
75858353
75856911
75838712
75837583
75831256
75827794
75816506
75816353
75808268
75807855
75804687
75804401
75804323
75803856
75803737
75803551
75803332
75793536
75793358
75792435
75791184
75782738
75760169
75758263
75757636
75705834
75705288
75697172
75626251
75610653
75600333
75594509
75594121
75593169
75593147
75585833
75582343
75579749
75579003
75578004
75577970
75577686
75577362
75577300
75577243
75577156
75577124
75577094
75574889
75574825
75545006
75544104
75534780
75519173
75514362
75494710
75471734
75429298
75405178
75404095
75402018
75394950
75394738
75390789
75390712
75369155
75368823
75331647
75313513
